xendo = [ 22.04727230  94.67436726  13.95104368 -19.99999850  50.44000875 199.99999990 100.01525839   4.79069585   0.99999990   0.01871055  -0.57292027  50.04943717 ];
xmid  = [ 13.33675868 105.70598593   3.42053838  -9.50095735 136.77703775 139.96550201 185.14570111   6.06963107   0.99999987   0.02170613  -1.51475291  50.00000684 ];
xepi  = [  9.68830532 100.29133291  24.44282318 -19.81161817  50.45595609 190.94959748 118.56493253  12.80641864   0.99999988   0.05803233  -4.22539125  71.08976175 ];
fendo =  42.48177357 
fmid  =  38.12121848 
fepi  =  80.12304938 
