xendo = [ 32.81697622  94.68197847  28.44476122 -14.53694636 142.88938714 122.89335773 289.91013338   9.18214024   0.00657825   0.08715990   3.84052806  61.23547930 ];
xmid  = [ 19.70470380  99.59204644  20.09609713 -19.74010806 117.24487553 118.29398397 215.72426940   4.69503513   0.00109667   0.09999999  -0.41416576  66.35184840 ];
xepi  = [ 33.87977797 134.20402178  15.41830746   1.24002257 129.11109825  74.36802795 396.57087226  24.58019905   0.00402146   0.00100001  -8.79878844 100.00000000 ];
fendo =  77.69057216 
fmid  =  74.14204010 
fepi  =  67.86494053 
