xendo = [ 36.98516283  97.83674114  17.40688370 -19.99393582 172.86155719 199.99958604 105.76412994  13.16851259   0.24657948   0.03734737   0.12717812  77.78068488 ];
xmid  = [ 18.31678068  96.48124612  33.55286188 -19.79683632 128.80428698 100.69751584 193.62768676  13.04351078   0.30043121   0.01453169  -0.59346063  72.01924871 ];
xepi  = [  1.55254853 117.03404563   3.66188716  15.10922792 175.39819611 131.08569071 183.62002094  21.32805063   0.09875770   0.00102315  -7.75080744  51.08341209 ];
fendo =  52.36704482 
fmid  =  61.87542123 
fepi  =  48.99532030 
