xendo = [ 33.20193345 123.56676846   3.40055055 -19.99999805 156.17418531 199.99999986 178.21002971   3.85731502   0.99999986   0.01056259  -0.85708528  50.00000012 ];
xmid  = [  9.50401969  98.59635898   3.64693281  -6.53209146 146.78789308 199.99999944 100.97474173   8.96125188   1.00000000   0.02500962  -1.57074945  54.97518597 ];
xepi  = [  2.78041269  97.57042621   3.93585418 -18.99700201  51.08332922 166.07696112 448.81749208   3.74561269   0.99999136   0.00134616  -2.91127979  71.13053659 ];
fendo =  44.34368590 
fmid  =  32.47332916 
fepi  =  50.35905344 
