xendo = [ 20.63306026  94.66951780  12.59174363 -19.99990060 174.38119948 199.99999855 109.51682611   4.95430008   0.00000038   0.02291754  -0.24258011  50.00123935 ];
xmid  = [  8.53711460  97.20394508   9.62022489  -5.19655144 175.43965335 122.05920062 254.49195629   7.34462050   0.00002863   0.03080592  -1.50450181  50.00136957 ];
xepi  = [ 26.75544297 134.43419834  20.52829327   6.85532638 134.19776886  95.49590562 246.09230248  37.50907093   0.38921174   0.00100001  -7.98744478  99.99999999 ];
fendo =  45.79056673 
fmid  =  40.39001097 
fepi  =  70.11021296 
