xendo = [ 25.19931133 102.37582992   5.20861666 -19.99997093 173.04198721 192.70625208 112.33777244   4.91485918   0.00000200   0.02128964  -0.28677412  50.19254539 ];
xmid  = [ 13.39240884 102.30098868   3.40069983  -8.02350486 175.43949111 150.77557883 203.36268549   7.39529442   0.99999983   0.02994631  -1.38926187  50.42687802 ];
xepi  = [  3.49081104  98.83633079   7.81610536  -3.35023269  63.87246588 197.30265836 112.42568986   8.29539611   0.99992962   0.04470483  -2.86539282  99.98995694 ];
fendo =  46.34823648 
fmid  =  38.68768041 
fepi  =  78.69717768 
