xendo = [ 20.50663120  94.69154475  12.43034071 -19.99811452 130.03057408 199.99997389 112.20013316   4.25715207   0.00023022   0.01904758  -0.98094543  65.26585851   0.01000638 ];
xmid  = [ 10.16884334 106.71837434  19.30659388  -0.35417793 163.43335567 104.15684523 236.66428989   8.22494188   0.02350945   0.04984381  -1.52540557  98.78402623   0.01002784 ];
xepi  = [  9.57178182 101.63778432  30.39385297  -9.23516140 175.04952818 169.58780851 250.89617922   9.41536742   0.02698213   0.04763370  -3.15361395  69.80042270   0.02549400 ];
fendo =  45.46178495 
fmid  =  46.84411431 
fepi  =  83.49463751 
