xendo = [ 21.42575620  94.66796599  13.34870102 -19.99999946 175.43759999 156.41277670 302.33145193   4.35810273   0.99999997   0.01591434  -1.31471836  50.00014659 ];
xmid  = [  9.93559301  98.14564216   4.44472109 -15.06161237  94.34754155 140.61857085 152.77660371   6.01617847   0.99999999   0.01082764  -1.66486430  51.85164019 ];
xepi  = [ 29.11657018 114.67682778  13.31363484 -19.98875081  50.44113096  68.07953883 192.53248634   7.35465404   0.99999999   0.01238362  -2.64855259  50.00453873 ];
fendo =  43.24374443 
fmid  =  26.15094447 
fepi  =  59.94879663 
