xendo = [ 11.08150834  80.54695063   2.38287720  -8.31016183 146.18223135 135.11246464 331.24266071   8.98554755   0.09872054   0.08150517  -2.80405202  84.20208493 ];
xmid  = [  3.77292147  83.65782369  10.14503694   1.81759349 174.44083076  94.49214688 412.10713106  12.36643718   0.01802974   0.03894434  -3.14564641  78.99191259 ];
xepi  = [  1.05959865 120.38359043   1.90776121  20.91119280 175.39479621 119.35695429 206.69002805  27.72603212   0.19646374   0.01027893  -9.99999997  99.99999984 ];
fendo =  33.77333315 
fmid  =  14.55209967 
fepi  =  33.36138714 
