xendo = [ 12.53658010  81.62101727   7.35596110  -5.84548545 156.75468988 142.11264609 123.76426726   7.69452477   0.00010550   0.08941032  -1.76251720  84.20208672 ];
xmid  = [  3.39503213  83.12846999  10.82407663   2.03288654 128.04866964  72.66951833 223.69230450  12.33874450   0.00000818   0.04753341  -3.13032038  78.99191277 ];
xepi  = [  1.07161695 120.38312294   1.91829892  21.04663137 174.88022461 122.70194386 192.28262623  26.20931392   0.00251403   0.04037038  -9.97875356  99.99999997 ];
fendo =  36.32488144 
fmid  =  15.03984656 
fepi  =  46.29556218 
