xendo = [ 11.31428388 114.48211821   1.91713621 -10.20086170 135.26035325 119.55924607 393.51379761   4.98360801   1.00000000   0.00711127  -2.29486883  61.46967930 ];
xmid  = [  8.24109534  93.35573412   4.75610794   1.17214110 175.43919301 171.37732995 134.75789143  11.17267139   1.00000000   0.02798749  -2.36183900  63.09472721 ];
xepi  = [  4.57924597 119.72810751   2.97498633 -19.99998303 103.34355757 199.99979938 363.19388171   4.51864501   0.99999999   0.00743216  -2.74778074  99.99999999 ];
fendo =  32.40128894 
fmid  =  14.03768640 
fepi  =  32.33929773 
