xendo = [ 12.97858223  82.86259404   3.12457946 -11.75017321  78.07990895 180.67929787 339.43344895   4.90775950   0.76578666   0.01477953  -2.98577071  81.25895667 ];
xmid  = [  3.35702977  82.98717922  13.48497031   2.32955071 139.11511174  73.91935515 298.88573563  12.54204883   0.00220752   0.05011359  -1.75153317  50.88508538 ];
xepi  = [  8.49944438 120.38359018   3.45951939   1.68557753 175.43928036 129.24828599 404.72958669   8.93571810   0.00000073   0.04059735  -4.43942639  99.99999996 ];
fendo =  32.61166267 
fmid  =  15.23709821 
fepi  =  48.71964973 
