xendo = [ 11.16518742  80.60210366   2.28003013  -8.42607319 175.42781033 172.52181013 115.30202395   7.92438221   0.00000847   0.03127598  -1.81399489  82.88928368 ];
xmid  = [  4.39673892  84.24517532  17.33249524   2.80207888 157.59111555  86.79717226 330.54448176  12.26871838   0.00001230   0.04819079  -3.13945053  78.99191274 ];
xepi  = [  1.07844961 119.93414078   1.96017638  19.98009490 175.43992319 120.35114561 205.87584833  23.32944590   0.11104988   0.02931820  -6.84343873  50.00002495 ];
fendo =  32.48090009 
fmid  =  15.42274366 
fepi  =  48.67746534 
