xendo = [ 12.81321605  84.60106419   2.04407996 -11.90714826 167.16083161 199.94410345 420.66186131   5.04213455   0.99999973   0.01295615  -2.95334462  82.88926711 ];
xmid  = [  4.82092335  85.53875665   3.48044658   1.27590851 156.33612850  84.24952023 369.61835517  12.04018323   0.99999999   0.04309549  -3.03493599  78.99191845 ];
xepi  = [  9.20679529 117.95711952   2.27417353 -14.64698634 137.06213708 199.98999130 269.79645791   5.63393822   1.00000000   0.01794468  -2.84631525  99.99999999 ];
fendo =  32.95695313 
fmid  =  13.81051451 
fepi  =  38.85114581 
