xendo = [  9.18622575  96.68910628   1.89608013  -6.03243856 134.65803320 200.00000000 100.00729205   7.36255317   0.25357768   0.01334590  -1.94648481  81.47429708 ];
xmid  = [  6.29143972  87.42315447   5.95501430   1.18423219 175.43998036 121.94743207 216.17085374  11.84949165   0.59556043   0.04053794  -2.91033855  78.99191758 ];
xepi  = [  8.29165364 120.33853998   2.10872202   1.95114542  59.07715908 173.08002615 103.26666771   9.12400668   0.99999999   0.03345767  -2.92898757  99.99997602 ];
fendo =  18.53399526 
fmid  =  13.41038033 
fepi  =  41.54530391 
