xendo = [ 12.88392790 113.24856516   1.95828875  -1.57741826 175.43971551 130.29022893 187.38882935   7.22990579   0.00001750   0.02137550  -1.96782575  99.89426334   0.01000751 ];
xmid  = [  3.80857300  83.57496467  13.25340257   2.15047818 175.43782955  95.35195579 412.62067545  11.81008107   0.13245134   0.04546217   0.85162113  74.21260329   0.01000001 ];
xepi  = [ 20.93494293 120.38354561   9.36304055 -18.90129286 163.02751545 186.66547867 250.18197635   6.96525817   0.29426926   0.03474846   5.23696204  99.99999997   0.01741259 ];
fendo =  35.68101095 
fmid  =  15.07837937 
fepi  =  46.46050945 
