xendo = [ 19.74156250  83.83866479  34.51550767 -15.09262010  90.22235438  92.53585673 227.82016801   1.92056159   0.11545449   0.09421110   1.79101731  60.10054906   0.02304774 ];
xmid  = [ 25.45383330  98.17736814  21.18327856  -0.96126112  69.22805652  44.19426505 394.41752099   2.29963393   0.05489114   0.09746957  -0.85296256  59.38381680   0.01000323 ];
xepi  = [ 10.06259824 108.85270479   9.71474063  22.50596715 139.30583241  72.29184226 331.75112775  17.99188515   0.13334416   0.09999999  -3.55767694  59.35893332   0.01000566 ];
fendo =  14.18415091 
fmid  =  18.96679768 
fepi  =  27.94623166 
