xendo = [ 19.55492044 107.93425525  36.36997951 -13.25699824  50.44544455  77.00553558 156.12828655   2.99741784   0.99999999   0.05807973  -0.96104196  61.42163370 ];
xmid  = [  9.94158893 108.80087807  45.11588425 -15.09051103  50.44836515 102.52706535 157.71332596   1.65558993   0.99999879   0.09586049   0.00822953  59.14072443 ];
xepi  = [  0.71476380 105.81744541  13.08633305 -17.38832538  73.58345010 199.19816732 399.87801270   3.20189587   0.99999435   0.06034297  -2.63083542  75.79929664 ];
fendo =  12.02733759 
fmid  =  19.29683011 
fepi  =  22.06860380 
