xendo = [ 32.13498907  95.59785981  34.03642655 -17.50096912 112.52571094 124.73349204 302.75861039   1.30133379   0.33225450   0.08200110  -1.13603684  59.35892466 ];
xmid  = [ 10.51266328 108.06393476  25.07693886   7.39420563  72.16716808  51.92253375 100.00747295   6.90798579   0.99657701   0.09043530  -1.05174130  50.00263250 ];
xepi  = [  8.42801573 105.46144744  10.92341221  20.10761481 112.77546010 104.53062745 139.16597279  10.35415968   0.99999997   0.10000000  -4.31616861  59.37139504 ];
fendo =  14.51567110 
fmid  =  17.52077613 
fepi  =  28.45949288 
