xendo = [ 26.97532806  73.00846567  30.04020507 -19.49514737 175.08272228 119.32699195 192.62253921  42.89977934   0.02438323   0.09999999  -0.00490108  61.02522381 ];
xmid  = [  9.67370917 108.83227021  27.26484757   5.46759988 141.87860315  99.93983841 183.38400492   7.94651544   0.00249994   0.09999999  -1.51039492  59.35878312 ];
xepi  = [  2.22356450  94.13663945   4.53627171  13.86001408 116.67161062  55.99549561 332.11550700  19.70352981   0.02046388   0.09999999  -3.93941738  59.13660928 ];
fendo =  37.56503847 
fmid  =  16.91894999 
fepi  =  28.58380146 
