xendo = [ 28.56456242  96.93813646  29.05647802 -14.99010562 137.38107294  71.95350600 340.49647621   9.74537209   0.31381276   0.09902461  -0.32197474  61.94857480 ];
xmid  = [  2.94310187  74.01891304  18.78466878  -1.13337331  95.69671907  36.87187037 405.69041784  13.01671294   0.47044716   0.10000000  -2.63500061  65.73197927 ];
xepi  = [  0.78997209 101.79488449  11.08497747 -15.74090141 121.32881621  98.29246915 292.91458660   6.81347976   0.29162243   0.02246128  -2.14205419  88.45980046 ];
fendo =  11.44815519 
fmid  =   7.16572015 
fepi  =  14.71956327 
