xendo = [ 15.05234727 107.81480971  38.17678142 -18.47406099  96.97993172  49.63419067 384.78947051   0.68157185   0.00000000   0.09990644  -0.72023890  59.35892463 ];
xmid  = [ 28.47560662 107.14061354  31.73444201  -7.87841758  53.10528154  42.65327491 117.45953388   5.86076328   0.09751045   0.09999999   0.56747151  59.35892214 ];
xepi  = [ 14.53059039 108.26923284  12.14372782   2.86861122 146.52485518 199.25713904 113.48936235  16.96984110   0.37745489   0.09999999  -0.52054580  56.64388812 ];
fendo =  14.79313394 
fmid  =  16.65913280 
fepi  =  25.03467026 
