xendo = [ 15.09196210 107.84757632  37.18966667 -19.56088827  84.36661504  49.02235774 211.12648068   1.41091258   0.11011133   0.09188211  -0.45893192  59.35892361 ];
xmid  = [ 12.71704075 108.83508739  18.47224673   6.79852249 173.40316128 132.40833191 194.06805173   6.75405703   0.00000001   0.09999999  -2.07625809  59.35893381 ];
xepi  = [  8.95243491 108.64413255  14.27716777  16.96039330  90.34341580 156.34283816 182.79688371   6.10117532   0.99999999   0.05780345  -3.10584832  59.40594298 ];
fendo =  15.04591485 
fmid  =  16.28303956 
fepi  =  25.65654192 
