xendo = [ 18.12615394  95.59793407  37.23403884  -8.49953559 146.97433042  97.81552417 436.92860299   2.87336217   1.00000000   0.09566545  -1.38693793  61.38450471 ];
xmid  = [ 14.68667113 108.85240241  18.28752886   5.81483218 175.39671587 155.23170636 180.58695970   6.55022071   0.99999999   0.08155918  -1.99340661  59.40594087 ];
xepi  = [  5.88174187 108.84642573  16.56602629   8.98760931  50.44000005  85.85302858 233.09275584   5.30490517   0.99999999   0.01948130  -3.23699614  59.40594012 ];
fendo =  11.47379566 
fmid  =  13.03158110 
fepi  =  22.83626952 
