xendo = [ 38.11683361  96.78551513  32.89168202  -1.78692415 116.12319551  86.95916902 422.44311520   3.70681661   0.00010516   0.03623412  -2.32370961  84.50705574 ];
xmid  = [ 12.77468870  94.20456221  38.92108267 -19.49343892  88.28212823  37.07340013 301.40126604  18.47275710   0.20185084   0.09992665   0.36304882  84.50706119 ];
xepi  = [ 18.34852866  88.46121199  27.04180142 -19.13513863  92.24141334  55.14301809 212.39072902   7.63540416   0.05956620   0.10000000  -1.13393095  84.50704323 ];
fendo =  26.00886891 
fmid  =  50.82906594 
fepi  =  47.26533462 
