xendo = [ 31.53616593 102.39433534  38.45131061 -10.87143447  66.60263383 104.29804323 200.52296236   3.35184737   0.99999995   0.01513557  -1.10673052  84.81207874 ];
xmid  = [ 10.17429911 120.70472093  25.65297397 -19.92332004 175.31286916 182.35921249 166.19576926   5.70634724   0.99999997   0.01761985  -0.25822369  50.08905487 ];
xepi  = [ 17.25499232  90.45805066   7.09342221 -19.93056215  50.47837983 173.68740711 154.36306350   4.30055119   0.99999999   0.03031863  -1.48151483  84.50704242 ];
fendo =  22.27372889 
fmid  =  36.49265860 
fepi  =  39.20652360 
