xendo = [ 39.58884655 111.89576269  40.48122605  -8.48768525 140.13234287 105.09414852 304.77261888   2.52204842   0.99999996   0.02332016  -0.28001344  84.19085193 ];
xmid  = [  4.63550563 131.32883089  24.25559948 -19.99999975 175.27164719 135.73979728 434.21109214   3.65676183   1.00000000   0.01166753  -1.44336876  84.19084109 ];
xepi  = [  6.25778511  87.66407126   5.49447801 -19.99948018  50.44338543 116.30679649 202.98632011   3.00078912   1.00000000   0.01066845  -1.22668460  84.19083016 ];
fendo =  27.13429188 
fmid  =  28.96579763 
fepi  =  27.17994431 
