xendo = [ 36.20899172  95.99819711  31.23788838  -3.18931902 141.10855400  72.93708099 300.27556930   7.73890676   0.33296906   0.08950375   8.20831300  88.35779405   0.01001231 ];
xmid  = [  7.78536444  92.42336605  27.67153949 -19.99935438 175.42520619 132.77005722 240.60433210   5.09618759   0.16077060   0.02605007   3.40025144  84.19083557   0.01001026 ];
xepi  = [ 16.34867696  87.70403118  25.30917535 -19.83822925  51.33494028 158.52441173 194.23208498   3.21367434   0.25102901   0.03653206   5.44341442  84.50705850   0.01001064 ];
fendo =  27.35983347 
fmid  =  41.55417651 
fepi  =  43.19296483 
