xendo = [ 39.99768623  89.02200943  34.00456379 -19.85737238  89.38880277  29.75889199 403.98498136  29.74685188   0.72264029   0.00100000   0.06293689  99.99999999 ];
xmid  = [ 33.53326697 131.49609634  43.81884592  -9.98185794 158.42797598 160.64181055 410.96317399  19.92901915   0.22794444   0.01764139  -1.07794683  83.58209304 ];
xepi  = [ 16.75238903  87.73276742  30.29358757 -16.69308356 121.31351550 109.49984027 224.63198324  17.75378658   0.64457013   0.00955374  -2.63961158  99.99999071 ];
fendo =  29.96624598 
fmid  =  49.87238411 
fepi  =  38.61022684 
