xendo = [ 39.96118157  94.67217720  33.51010371  -6.06869735  80.92671909  69.28595715 295.80861925   3.85933820   1.00000000   0.03376390  -2.06270037  84.50705145 ];
xmid  = [ 17.56738806  98.92705863  26.07688055 -19.99999924 111.21538143 177.34780484 141.52040023   4.64362658   0.99999996   0.02251107  -1.07484810  84.19086284 ];
xepi  = [ 17.90300545  87.67898042  30.41995290 -19.94158086  50.71253338 194.10945280 213.50077142   3.19161692   0.99999999   0.03248778  -1.49473169  84.50704521 ];
fendo =  25.31146435 
fmid  =  38.99099738 
fepi  =  36.71332756 
