xendo = [ 39.94946909  91.25042012  34.24277288 -13.08002146 108.16614475  48.20544308 307.29151416  76.62181141   0.01322241   0.03451005   3.16239095  52.03247139 ];
xmid  = [  6.15019985  90.69460450  42.61648577 -17.21002867 159.29028588  95.74874515 334.07015529  14.08641941   0.00341046   0.03435349  -1.03449378  84.50711230 ];
xepi  = [ 15.60745540  87.67843168  25.37802999 -17.94301728 119.17659736  76.92158620 293.43658293   4.18432007   0.00001135   0.07597058  -1.32947363  84.50704230 ];
fendo =  39.82098447 
fmid  =  50.04143030 
fepi  =  45.63887087 
