xendo = [ 32.06151733 121.23955797  35.05680165  -0.17178282 159.39613118 175.03345356 359.29244047   3.87492682   0.99999998   0.01293290  -1.70634254  84.46661808 ];
xmid  = [  4.55883322 101.67747593  26.42020760 -19.99999999 128.87913909 199.99999994 140.43419440   5.69491886   0.99999999   0.00850057  -1.31330175  84.50704151 ];
xepi  = [  2.27980879  88.15933312  12.18695364 -19.99967905  50.45813110 141.51435134 172.11982933   4.40459386   0.99999997   0.00414575  -1.51297990  50.27322068 ];
fendo =  23.77309614 
fmid  =  23.04011118 
fepi  =  19.91393945 
